accuracy= 0.8333333333333334
accuracy1111= 0.0
finale_1_0_get_1_0= 
2
10
0
12
target_indices11,10,00,01= 
0
2
10
0
accuracy= 0.8333333333333334
accuracy1111= 0.0
finale_1_0_get_1_0= 
2
10
0
12
target_indices11,10,00,01= 
0
2
10
0
accuracy= 0.5833333333333333
accuracy1111= 0.0
finale_1_0_get_1_0= 
3
9
2
10
target_indices11,10,00,01= 
0
3
7
2
accuracy= 0.7014831836223104
accuracy1111= 0.0
finale_1_0_get_1_0= 
5716
13432
0
19148
target_indices11,10,00,01= 
0
5716
13432
0
accuracy= 0.7014831836223104
accuracy1111= 0.0
finale_1_0_get_1_0= 
5716
13432
0
19148
target_indices11,10,00,01= 
0
5716
13432
0
accuracy= 0.986421558387299
accuracy1111= 0.9935292060160895
finale_1_0_get_1_0= 
5718
13430
5904
13244
target_indices11,10,00,01= 
5681
37
13207
223
accuracy= 0.9865782327135993
accuracy1111= 0.9933543196922001
finale_1_0_get_1_0= 
5718
13430
5899
13249
target_indices11,10,00,01= 
5680
38
13211
219
accuracy= 0.9866304574890328
accuracy1111= 0.9931794333683106
finale_1_0_get_1_0= 
5718
13430
5896
13252
target_indices11,10,00,01= 
5679
39
13213
217
accuracy= 0.9857426363066639
accuracy1111= 0.9956278419027632
finale_1_0_get_1_0= 
5718
13430
5941
13207
target_indices11,10,00,01= 
5693
25
13182
248
accuracy= 0.9844370169208272
accuracy1111= 0.9965022735222105
finale_1_0_get_1_0= 
5718
13430
5976
13172
target_indices11,10,00,01= 
5698
20
13152
278
accuracy= 0.9841236682682264
accuracy1111= 0.9968520461699895
finale_1_0_get_1_0= 
5718
13430
5986
13162
target_indices11,10,00,01= 
5700
18
13144
286
accuracy= 0.9861604345101316
accuracy1111= 0.9944036376355369
finale_1_0_get_1_0= 
5718
13430
5919
13229
target_indices11,10,00,01= 
5686
32
13197
233
accuracy= 0.5833333333333333
accuracy1111= 0.0
finale_1_0_get_1_0= 
5
7
0
12
target_indices11,10,00,01= 
0
5
7
0
accuracy= 0.5833333333333333
accuracy1111= 0.0
finale_1_0_get_1_0= 
5
7
0
12
target_indices11,10,00,01= 
0
5
7
0
accuracy= 0.8333333333333334
accuracy1111= 0.6
finale_1_0_get_1_0= 
5
7
3
9
target_indices11,10,00,01= 
3
2
7
0
accuracy= 0.41666666666666663
accuracy1111= 1.0
finale_1_0_get_1_0= 
5
7
12
0
target_indices11,10,00,01= 
5
0
0
7
accuracy= 0.41666666666666663
accuracy1111= 1.0
finale_1_0_get_1_0= 
5
7
12
0
target_indices11,10,00,01= 
5
0
0
7
accuracy= 0.41666666666666663
accuracy1111= 1.0
finale_1_0_get_1_0= 
5
7
12
0
target_indices11,10,00,01= 
5
0
0
7
accuracy= 0.41666666666666663
accuracy1111= 1.0
finale_1_0_get_1_0= 
5
7
12
0
target_indices11,10,00,01= 
5
0
0
7
accuracy= 0.41666666666666663
accuracy1111= 1.0
finale_1_0_get_1_0= 
5
7
12
0
target_indices11,10,00,01= 
5
0
0
7
accuracy= 0.9842281178190934
accuracy1111= 0.9966771598461001
finale_1_0_get_1_0= 
5718
13430
5982
13166
target_indices11,10,00,01= 
5699
19
13147
283
accuracy= 0.41666666666666663
accuracy1111= 1.0
finale_1_0_get_1_0= 
5
7
12
0
target_indices11,10,00,01= 
5
0
0
7
accuracy= 0.41666666666666663
accuracy1111= 1.0
finale_1_0_get_1_0= 
5
7
12
0
target_indices11,10,00,01= 
5
0
0
7
accuracy= 0.5833333333333333
accuracy1111= 0.0
finale_1_0_get_1_0= 
5
7
0
12
target_indices11,10,00,01= 
0
5
7
0
accuracy= 0.5833333333333333
accuracy1111= 0.0
finale_1_0_get_1_0= 
5
7
0
12
target_indices11,10,00,01= 
0
5
7
0
accuracy= 0.9862126592855651
accuracy1111= 0.9947534102833159
finale_1_0_get_1_0= 
5718
13430
5922
13226
target_indices11,10,00,01= 
5688
30
13196
234
accuracy= 0.9833402966367245
accuracy1111= 0.9972018188177685
finale_1_0_get_1_0= 
5718
13430
6005
13143
target_indices11,10,00,01= 
5702
16
13127
303
accuracy= 0.9842281178190934
accuracy1111= 0.9966771598461001
finale_1_0_get_1_0= 
5718
13430
5982
13166
target_indices11,10,00,01= 
5699
19
13147
283
accuracy= 0.9862648840609985
accuracy1111= 0.9947534102833159
finale_1_0_get_1_0= 
5718
13430
5921
13227
target_indices11,10,00,01= 
5688
30
13197
233
accuracy= 0.9867871318153332
accuracy1111= 0.9919552291010842
finale_1_0_get_1_0= 
5718
13430
5879
13269
target_indices11,10,00,01= 
5672
46
13223
207
accuracy= 0.9833402966367245
accuracy1111= 0.9972018188177685
finale_1_0_get_1_0= 
5718
13430
6005
13143
target_indices11,10,00,01= 
5702
16
13127
303
accuracy= 0.9868393565907667
accuracy1111= 0.9924798880727527
finale_1_0_get_1_0= 
5718
13430
5884
13264
target_indices11,10,00,01= 
5675
43
13221
209
accuracy= 0.9866304574890328
accuracy1111= 0.9910807974816369
finale_1_0_get_1_0= 
5718
13430
5872
13276
target_indices11,10,00,01= 
5667
51
13225
205
accuracy= 0.9829224984332567
accuracy1111= 0.9973767051416579
finale_1_0_get_1_0= 
5718
13430
6015
13133
target_indices11,10,00,01= 
5703
15
13118
312
accuracy= 0.9866826822644663
accuracy1111= 0.9909059111577475
finale_1_0_get_1_0= 
5718
13430
5869
13279
target_indices11,10,00,01= 
5666
52
13227
203
accuracy= 0.9824524754543555
accuracy1111= 0.9975515914655474
finale_1_0_get_1_0= 
5718
13430
6026
13122
target_indices11,10,00,01= 
5704
14
13108
322
accuracy= 0.9866304574890328
accuracy1111= 0.9884575026232949
finale_1_0_get_1_0= 
5718
13430
5842
13306
target_indices11,10,00,01= 
5652
66
13240
190
accuracy= 0.9866304574890328
accuracy1111= 0.9884575026232949
finale_1_0_get_1_0= 
5718
13430
5842
13306
target_indices11,10,00,01= 
5652
66
13240
190
accuracy= 0.9842281178190934
accuracy1111= 0.9968520461699895
finale_1_0_get_1_0= 
5718
13430
5984
13164
target_indices11,10,00,01= 
5700
18
13146
284
accuracy= 0.9866304574890328
accuracy1111= 0.9884575026232949
finale_1_0_get_1_0= 
5718
13430
5842
13306
target_indices11,10,00,01= 
5652
66
13240
190
accuracy= 0.9865260079381659
accuracy1111= 0.9881077299755159
finale_1_0_get_1_0= 
5718
13430
5840
13308
target_indices11,10,00,01= 
5650
68
13240
190
accuracy= 0.9866826822644663
accuracy1111= 0.9914305701294159
finale_1_0_get_1_0= 
5718
13430
5875
13273
target_indices11,10,00,01= 
5669
49
13224
206
accuracy= 0.9866304574890328
accuracy1111= 0.9884575026232949
finale_1_0_get_1_0= 
5718
13430
5842
13306
target_indices11,10,00,01= 
5652
66
13240
190
accuracy= 0.9867871318153332
accuracy1111= 0.9919552291010842
finale_1_0_get_1_0= 
5718
13430
5879
13269
target_indices11,10,00,01= 
5672
46
13223
207
accuracy= 0.9866826822644663
accuracy1111= 0.9909059111577475
finale_1_0_get_1_0= 
5718
13430
5869
13279
target_indices11,10,00,01= 
5666
52
13227
203
accuracy= 0.9867349070398997
accuracy1111= 0.9924798880727527
finale_1_0_get_1_0= 
5718
13430
5886
13262
target_indices11,10,00,01= 
5675
43
13219
211
accuracy= 0.9863693336118655
accuracy1111= 0.993704092339979
finale_1_0_get_1_0= 
5718
13430
5907
13241
target_indices11,10,00,01= 
5682
36
13205
225
accuracy= 0.9868393565907667
accuracy1111= 0.9891570479188527
finale_1_0_get_1_0= 
5718
13430
5846
13302
target_indices11,10,00,01= 
5656
62
13240
190
accuracy= 0.9865782327135993
accuracy1111= 0.9933543196922001
finale_1_0_get_1_0= 
5718
13430
5899
13249
target_indices11,10,00,01= 
5680
38
13211
219
accuracy= 0.9866304574890328
accuracy1111= 0.9910807974816369
finale_1_0_get_1_0= 
5718
13430
5872
13276
target_indices11,10,00,01= 
5667
51
13225
205
accuracy= 0.986421558387299
accuracy1111= 0.9875830710038475
finale_1_0_get_1_0= 
5718
13430
5836
13312
target_indices11,10,00,01= 
5647
71
13241
189
accuracy= 0.986421558387299
accuracy1111= 0.9938789786638685
finale_1_0_get_1_0= 
5718
13430
5908
13240
target_indices11,10,00,01= 
5683
35
13205
225
accuracy= 0.9865260079381659
accuracy1111= 0.9881077299755159
finale_1_0_get_1_0= 
5718
13430
5840
13308
target_indices11,10,00,01= 
5650
68
13240
190
accuracy= 0.9863693336118655
accuracy1111= 0.9875830710038475
finale_1_0_get_1_0= 
5718
13430
5837
13311
target_indices11,10,00,01= 
5647
71
13240
190
accuracy= 0.9864737831627324
accuracy1111= 0.993704092339979
finale_1_0_get_1_0= 
5718
13430
5905
13243
target_indices11,10,00,01= 
5682
36
13207
223
accuracy= 0.9868393565907667
accuracy1111= 0.9891570479188527
finale_1_0_get_1_0= 
5718
13430
5846
13302
target_indices11,10,00,01= 
5656
62
13240
190
accuracy= 0.9864737831627324
accuracy1111= 0.993704092339979
finale_1_0_get_1_0= 
5718
13430
5905
13243
target_indices11,10,00,01= 
5682
36
13207
223
accuracy= 0.9866304574890328
accuracy1111= 0.9884575026232949
finale_1_0_get_1_0= 
5718
13430
5842
13306
target_indices11,10,00,01= 
5652
66
13240
190
accuracy= 0.9867349070398997
accuracy1111= 0.9917803427771948
finale_1_0_get_1_0= 
5718
13430
5878
13270
target_indices11,10,00,01= 
5671
47
13223
207
accuracy= 0.9867871318153332
accuracy1111= 0.9928296607205317
finale_1_0_get_1_0= 
5718
13430
5889
13259
target_indices11,10,00,01= 
5677
41
13218
212
accuracy= 0.9867349070398997
accuracy1111= 0.9888072752710738
finale_1_0_get_1_0= 
5718
13430
5844
13304
target_indices11,10,00,01= 
5654
64
13240
190
accuracy= 0.9867871318153332
accuracy1111= 0.9928296607205317
finale_1_0_get_1_0= 
5718
13430
5889
13259
target_indices11,10,00,01= 
5677
41
13218
212
accuracy= 0.9867871318153332
accuracy1111= 0.9919552291010842
finale_1_0_get_1_0= 
5718
13430
5879
13269
target_indices11,10,00,01= 
5672
46
13223
207
accuracy= 0.9866304574890328
accuracy1111= 0.9931794333683106
finale_1_0_get_1_0= 
5718
13430
5896
13252
target_indices11,10,00,01= 
5679
39
13213
217
accuracy= 0.986421558387299
accuracy1111= 0.993704092339979
finale_1_0_get_1_0= 
5718
13430
5906
13242
target_indices11,10,00,01= 
5682
36
13206
224
