accuracy= 0.8485627483056789
accuracy1111= 0.49960845732184805
finale_1_0_get_1_0= 
1277
3002
647
3632
target_indices11,10,00,01= 
638
639
2993
9
accuracy= 0.8773077821921009
accuracy1111= 0.5998433829287392
finale_1_0_get_1_0= 
1277
3002
780
3499
target_indices11,10,00,01= 
766
511
2988
14
accuracy= 0.8560411311053985
accuracy1111= 0.5254502740798747
finale_1_0_get_1_0= 
1277
3002
681
3598
target_indices11,10,00,01= 
671
606
2992
10
accuracy= 0.8588455246552933
accuracy1111= 0.5356303837118246
finale_1_0_get_1_0= 
1277
3002
695
3584
target_indices11,10,00,01= 
684
593
2991
11
accuracy= 0.8611825192802056
accuracy1111= 0.543461237274863
finale_1_0_get_1_0= 
1277
3002
705
3574
target_indices11,10,00,01= 
694
583
2991
11
accuracy= 0.8702967983173638
accuracy1111= 0.5747846515270164
finale_1_0_get_1_0= 
1277
3002
746
3533
target_indices11,10,00,01= 
734
543
2990
12
accuracy= 0.8576770273428371
accuracy1111= 0.5309318715740016
finale_1_0_get_1_0= 
1277
3002
688
3591
target_indices11,10,00,01= 
678
599
2992
10
accuracy= 0.8632858144426268
accuracy1111= 0.5512920908379013
finale_1_0_get_1_0= 
1277
3002
716
3563
target_indices11,10,00,01= 
704
573
2990
12
accuracy= 0.8637532133676092
accuracy1111= 0.552858261550509
finale_1_0_get_1_0= 
1277
3002
718
3561
target_indices11,10,00,01= 
706
571
2990
12
accuracy= 0.8621173171301706
accuracy1111= 0.5473766640563822
finale_1_0_get_1_0= 
1277
3002
711
3568
target_indices11,10,00,01= 
699
578
2990
12
accuracy= 0.8604814208927319
accuracy1111= 0.5411119812059515
finale_1_0_get_1_0= 
1277
3002
702
3577
target_indices11,10,00,01= 
691
586
2991
11
accuracy= 0.8385136714185557
accuracy1111= 0.4659357870007831
finale_1_0_get_1_0= 
1277
3002
604
3675
target_indices11,10,00,01= 
595
682
2993
9
accuracy= 0.8541715354054685
accuracy1111= 0.5184025058731402
finale_1_0_get_1_0= 
1277
3002
671
3608
target_indices11,10,00,01= 
662
615
2993
9
accuracy= 0.9037158214536106
accuracy1111= 0.6898981989036805
finale_1_0_get_1_0= 
1277
3002
897
3382
target_indices11,10,00,01= 
881
396
2986
16
accuracy= 0.8581444262678196
accuracy1111= 0.5324980422866092
finale_1_0_get_1_0= 
1277
3002
690
3589
target_indices11,10,00,01= 
680
597
2992
10
accuracy= 0.9051180182285581
accuracy1111= 0.6945967110415036
finale_1_0_get_1_0= 
1277
3002
903
3376
target_indices11,10,00,01= 
887
390
2986
16
accuracy= 0.8604814208927319
accuracy1111= 0.5411119812059515
finale_1_0_get_1_0= 
1277
3002
702
3577
target_indices11,10,00,01= 
691
586
2991
11
accuracy= 0.8651554101425567
accuracy1111= 0.557556773688332
finale_1_0_get_1_0= 
1277
3002
724
3555
target_indices11,10,00,01= 
712
565
2990
12
accuracy= 0.8485627483056789
accuracy1111= 0.49960845732184805
finale_1_0_get_1_0= 
1277
3002
647
3632
target_indices11,10,00,01= 
638
639
2993
9
accuracy= 0.8572096284178546
accuracy1111= 0.5293657008613939
finale_1_0_get_1_0= 
1277
3002
686
3593
target_indices11,10,00,01= 
676
601
2992
10
accuracy= 0.8600140219677495
accuracy1111= 0.5395458104933438
finale_1_0_get_1_0= 
1277
3002
700
3579
target_indices11,10,00,01= 
689
588
2991
11
accuracy= 0.8476279504557139
accuracy1111= 0.4964761158966327
finale_1_0_get_1_0= 
1277
3002
643
3636
target_indices11,10,00,01= 
634
643
2993
9
accuracy= 0.9044169198410844
accuracy1111= 0.692247454972592
finale_1_0_get_1_0= 
1277
3002
900
3379
target_indices11,10,00,01= 
884
393
2986
16
accuracy= 0.8974059359663473
accuracy1111= 0.6671887235708692
finale_1_0_get_1_0= 
1277
3002
866
3413
target_indices11,10,00,01= 
852
425
2988
14
accuracy= 0.9378359429773312
accuracy1111= 0.8097102584181676
finale_1_0_get_1_0= 
1277
3002
1057
3222
target_indices11,10,00,01= 
1034
243
2979
23
accuracy= 0.8639869128301005
accuracy1111= 0.5536413469068129
finale_1_0_get_1_0= 
1277
3002
719
3560
target_indices11,10,00,01= 
707
570
2990
12
accuracy= 0.9053517176910493
accuracy1111= 0.6953797963978073
finale_1_0_get_1_0= 
1277
3002
904
3375
target_indices11,10,00,01= 
888
389
2986
16
accuracy= 0.8899275531666277
accuracy1111= 0.6421299921691465
finale_1_0_get_1_0= 
1277
3002
834
3445
target_indices11,10,00,01= 
820
457
2988
14
accuracy= 0.8639869128301005
accuracy1111= 0.5536413469068129
finale_1_0_get_1_0= 
1277
3002
719
3560
target_indices11,10,00,01= 
707
570
2990
12
accuracy= 0.8784762795045571
accuracy1111= 0.6029757243539546
finale_1_0_get_1_0= 
1277
3002
783
3496
target_indices11,10,00,01= 
770
507
2989
13
accuracy= 0.8459920542182753
accuracy1111= 0.49099451840250585
finale_1_0_get_1_0= 
1277
3002
636
3643
target_indices11,10,00,01= 
627
650
2993
9
accuracy= 0.9151670951156812
accuracy1111= 0.7290524667188724
finale_1_0_get_1_0= 
1277
3002
948
3331
target_indices11,10,00,01= 
931
346
2985
17
accuracy= 0.8735685907922411
accuracy1111= 0.586530931871574
finale_1_0_get_1_0= 
1277
3002
762
3517
target_indices11,10,00,01= 
749
528
2989
13
accuracy= 0.8920308483290489
accuracy1111= 0.6491777603758809
finale_1_0_get_1_0= 
1277
3002
843
3436
target_indices11,10,00,01= 
829
448
2988
14
accuracy= 0.9142322972657163
accuracy1111= 0.725920125293657
finale_1_0_get_1_0= 
1277
3002
944
3335
target_indices11,10,00,01= 
927
350
2985
17
accuracy= 0.885253563916803
accuracy1111= 0.6264682850430697
finale_1_0_get_1_0= 
1277
3002
814
3465
target_indices11,10,00,01= 
800
477
2988
14
accuracy= 0.8894601542416453
accuracy1111= 0.6405638214565388
finale_1_0_get_1_0= 
1277
3002
832
3447
target_indices11,10,00,01= 
818
459
2988
14
accuracy= 0.928721663940173
accuracy1111= 0.7768206734534064
finale_1_0_get_1_0= 
1277
3002
1012
3267
target_indices11,10,00,01= 
992
285
2982
20
accuracy= 0.8497312456181351
accuracy1111= 0.5035238841033672
finale_1_0_get_1_0= 
1277
3002
652
3627
target_indices11,10,00,01= 
643
634
2993
9
accuracy= 0.8920308483290489
accuracy1111= 0.6491777603758809
finale_1_0_get_1_0= 
1277
3002
843
3436
target_indices11,10,00,01= 
829
448
2988
14
accuracy= 0.8523019397055387
accuracy1111= 0.5121378230227095
finale_1_0_get_1_0= 
1277
3002
663
3616
target_indices11,10,00,01= 
654
623
2993
9
accuracy= 0.8651554101425567
accuracy1111= 0.557556773688332
finale_1_0_get_1_0= 
1277
3002
724
3555
target_indices11,10,00,01= 
712
565
2990
12
